Subsequence Kernel relatively new dataset Br.v.Bot
C, SeqLen, Lambda Accuracy, correct0, false0, correct1, false1 (0 = Robot, 1 = Browser)
1.0 5 0.9 0.993375576037 434.0 65.0 9913.0 4.0
1.0 5 0.01 0.993375576037 434.0 65.0 9913.0 4.0
1.0 5 0.05 0.993375576037 434.0 65.0 9913.0 4.0
1.0 5 0.1 0.993375576037 434.0 65.0 9913.0 4.0
1.0 5 0.3 0.993375576037 434.0 65.0 9913.0 4.0
1.0 5 0.5 0.993375576037 434.0 65.0 9913.0 4.0
1.0 5 0.7 0.993375576037 434.0 65.0 9913.0 4.0
1.0 5 0.9 0.993375576037 434.0 65.0 9913.0 4.0
0.6 5 0.9 0.993375576037 434.0 65.0 9913.0 4.0
0.7 5 0.9 0.993375576037 434.0 65.0 9913.0 4.0
0.8 5 0.9 0.993375576037 434.0 65.0 9913.0 4.0
0.9 5 0.9 0.993375576037 434.0 65.0 9913.0 4.0

Edit Tokenized Output relatively new Dataset
C, gamma, accuracy correct0, false0, correct1, false1
0.6 0.01 0.993951612903 422.0 47.0 9931.0 16.0
0.6 0.05 0.994911674347 421.0 36.0 9942.0 17.0
0.6 0.1 0.99519969278 420.0 32.0 9946.0 18.0
0.8 0.01 0.994239631336 425.0 47.0 9931.0 13.0
0.8 0.05 0.995103686636 422.0 35.0 9943.0 16.0
0.8 0.1 0.995295698925 422.0 33.0 9945.0 16.0
1.0 0.01 0.994143625192 423.0 46.0 9932.0 15.0
1.0 0.05 0.995103686636 422.0 35.0 9943.0 16.0
1.0 0.1 0.99519969278 422.0 34.0 9944.0 16.0

Linear Output
C accuracy correct0 false0 correct1 false1 
1.0 0.996927803379 426.0 20.0 9958.0 12.0
0.1 0.995583717358 426.0 34.0 9944.0 12.0
1.0 0.996927803379 426.0 20.0 9958.0 12.0
10.0 0.996735791091 424.0 20.0 9958.0 14.0
1.0 0.996927803379 426.0 20.0 9958.0 12.0
2.0 0.996927803379 426.0 20.0 9958.0 12.0
3.0 0.997215821813 426.0 17.0 9961.0 12.0
4.0 0.997023809524 425.0 18.0 9960.0 13.0
2.5 0.997215821813 426.0 17.0 9961.0 12.0
3.0 0.997215821813 426.0 17.0 9961.0 12.0
3.5 0.997119815668 425.0 17.0 9961.0 13.0
